pics	disease	mpra	a	b	c	d	fold	p
0.01	all	mpra	237	282	7282	9671	1.06310674987657	0.224505665153366
0.05	all	mpra	72	447	2078	14875	1.13179079483941	0.277460696908362
0.1	all	mpra	40	479	978	15975	1.33598118136577	0.0700587678739162
0.2	all	mpra	20	499	420	16533	1.55546380401872	0.0621646197815906
0.3	all	mpra	18	501	291	16662	2.02049937429235	0.00613344311025594
0.4	all	mpra	18	501	226	16727	2.60161645096936	0.000380264129774413
0.5	all	mpra	13	506	150	16803	2.83094412331407	0.00118082368190737
0.6	all	mpra	10	509	132	16821	2.47460150639341	0.00992565952471547
0.7	all	mpra	9	510	111	16842	2.6484924230589	0.00956401049480855
0.8	all	mpra	6	513	92	16861	2.1303091228952	0.0716718268335299
0.01	all	dhs	657	481	6863	9477	1.37455195801741	8.04558058143652e-25
0.05	all	dhs	254	884	1896	14444	1.92355750335551	1.17403326899487e-22
0.1	all	dhs	146	992	872	15468	2.40406475226133	3.27840507666804e-20
0.2	all	dhs	86	1052	354	15986	3.48822892774518	1.44361257003914e-20
0.3	all	dhs	62	1076	247	16093	3.60416385020954	1.05526341928484e-15
0.4	all	dhs	49	1089	195	16145	3.60803929520977	1.06867337891186e-12
0.5	all	dhs	37	1101	126	16214	4.21639188774514	1.5165556830379e-11
0.6	all	dhs	33	1105	109	16231	4.34707599039035	9.78636804708385e-11
0.7	all	dhs	29	1109	91	16249	4.57579327526603	4.95396666067086e-10
0.8	all	dhs	25	1113	73	16267	4.91730264583383	2.31558131744731e-09
0.01	all	mpra_dhs	53	35	7467	9923	1.4026413187723	0.00159207840792532
0.05	all	mpra_dhs	20	68	2130	15260	1.85552710200598	0.00529402517918399
0.1	all	mpra_dhs	13	75	1005	16385	2.55619629127092	0.00168839659794981
0.2	all	mpra_dhs	8	80	432	16958	3.65951178451178	0.00167670969218274
0.3	all	mpra_dhs	8	80	301	17089	5.25218967079432	0.000164419504669141
0.4	all	mpra_dhs	8	80	236	17154	6.69876733436055	3.15998075562903e-05
0.5	all	mpra_dhs	6	82	157	17233	7.55211349160394	0.000173002402073715
0.6	all	mpra_dhs	5	83	137	17253	7.21217650962176	0.000752434602703341
0.7	all	mpra_dhs	5	83	115	17275	8.59189723320158	0.00034893688271222
0.8	all	mpra_dhs	4	84	94	17296	8.40909090909091	0.00151165273397611
